0.3080936615552281584546742455
0.2607641393877467957153599218
1.000000000000000025811212739
0.2590945923594424039537294879
0.1744522864339403727194483600
0.09289296864972669579974430149
0.2989980224832347178730351626
0.1241806559215059564590254339
0.2132346032811792875344700113
0.1030062671720989922000315534
0.2360390177588215936035905482
0.1939134608314390193251270762
0.1672462118806760649570698660
0.08039353501043553368935794056
0.1003050432115600944818802154
0.03881287638525361342064108024
0.2112688624663670449119689440
0.08995867967091350862598587598
0.02857985097940669880143826039
0.04628808288628117057191697193
0.0009698322220758787617304569832
0.1268468543515563800840123591
0.02901281525629653731982974891
0.1617795581326365680403703799
0.02959156108530685214848121768
0.03211834250634193165344552868
0.1323639542003304044816562577
0.1006531609724865069709131839
0.06955099927910328618429012958
-0.03032537301979946022803643763
0.04564521553821340633525170062
0.02106598925369182139296534466
0.1815577312236499610957348762
0.06425650875160331420135936183
0.03334873256299703689183939734
0.01484328691713575953147389278
-0.05048500437413802918225443149
0.09647341329390057928597093014
-0.02682512244100934899434033077
-0.04053560663528257871366106990
0.006677606984788301659134334612
0.07143669861670137748379621004
0.08976387502967671213075732075
0.04484196658299162480771092748
0.03180161319841706026250353492
-0.008093037566299219313598819745
-0.03843314797263426839901200529
0.02431450291839515435949494495
0.01980924827127902392904769545
0.01729740067269394322043966856
0.06385040527230953743368773865
-0.01535340432145265969540705613
0.06808960364505365857462611081
0.08795904285114459520700083627
0.02831717854084241615457811650
0.03576961081940659429010448438
0.01695169777177868496137156386
0.02305416109826149405791354003
0.03334065445452714908382186681
0.03093551686015545675511788806
0.01934401411808230574859561415
0.05147040076169501154727004793
0.01557195169007422171664648476
0.02715747916878381654055979322
0.03375762295032530020196920460
0.04700449416780861214395760420
0.1336475939812366702326150636
0.08477330688315773154078595436
0.03085805605523358827351618277
-0.04662921843778158700709237801
0.01197028443202226033126194154
0.01570524780497392781913814615
-0.009877840578302816302406373837
0.007921485132198852971278483976
0.04401939806621561363250665845
0.06280692005900124021474254935
0.07219950527882761616638851576
-0.01313441643779916662295731053
0.003454171395344812514497575803
0.03088383471800143229831261979
0.009607494962068006086455407626
0.06520385860522890937403746474
-0.05448189568221209529328587534
0.05915321856167353776726570713
-0.04521784973999145904230566322
-0.008171481626242475513330628087
0.03691786229671695777724771934
0.005924611598755870138728550422
0.007079133974655225197637937297
0.0002290769722682323153691127144
-0.03457876126438322006968841585
0.03788409490275259748466879118
-0.003872980078278290518699152928
0.01867898493101867236320812280
0.01730488546804909117218276872
0.01284675978084942049474320202
0.01478756889324359668061038951
-0.02646684882471434618684753790
-0.01007514527757941065768266524
-0.0003799395125116203225088246812
0.001056625835225156624707205851
-0.04341209225799068037963510828
0.005229455866936296748944460889
0.02202370676443027059950410088
-0.05067535866277895241306521937
-0.01333227475748203076484167806
-0.01477841221863086612364431464
0.03748799263026830837617505089
0.002710912523035292615363968405
-0.03490831645072950933841681164
-0.03769952309073277958949730862
-0.02054055732924314304972131511
0.03835003752759391324247492078
-0.003186343109986271159334616315
0.02678743851877677509227960619
-0.01260888751907442048751351712
0.01014480513130567501525331564
0.09400227687352733110270501958
0.05532496782398479847922804204
-0.02455703428872947717979800254
0.05117006569807327974951963188
0.03304250776983264366005181592
-0.02017835538037102381858930136
-0.07493225735195116274874059245
0.06170117236211657733863299231
0.02117049917181374822782784095
-0.03310920242559796230220399131
0.07686783277320699705690108445
0.04989146034288887404506800632
0.03778675310987288971666128862
-0.02089550357572763670723307078
0.005229080684875491581639356773
-0.05648255517508953902222188109
-0.03204988447860326935150192718
0.009914652052360195469374206641
0.01120584941943097549118141382
-0.03891553343401797801910691062
-0.005730463325192972413089417432
-0.05813774761059014297739619950
-0.03754643228008118756995484717
-0.01200009075265295325372471451
-0.07080246880967958309220212320
-0.01274160937709728680840261371
-0.006910658995971177520672757781
0.04276830382428125786790019079
0.01560869185399126465341655564
0.007328028684673545189677463068
0.08646127003593565918665551890
0.003937285829194767822520336209
0.05857592194298736009383100181
0.01389200026110959183468386301
-0.01264382299055693461771248183
-0.07460130790761273200530205353
-0.01889259134618213039931259115
0.02014919028773386614351868905
0.03340186971907580888634049589
0.04603378261162299770924902935
0.002346885154437496311351241106
-0.0004262370662804002635472015616
0.01017071258816100384286529997
0.08861645235408332172183164410
-0.009701479939427235278915135777
-0.01441432519091322773487879153
0.002766746182054463098298595242
-0.04140256923089004634689513122
-0.01649657938489860196956224351
-0.006885493647316033631785275878
-0.01740694749048905390490824934
0.004802810554731048043730471294
-0.01030732290920821180449412757
-0.03363140943006457909355670029
0.03186353769573523615256642274
-0.03053664139109210542131552377
0.008741732627185224366744052889
-0.03866281747767891787506464483
0.009729143240903561666948003286
0.04024009856215722942522073335
-0.01746863557254901537613487525
0.009019743120279111763830574280
0.009213203168495349777004963906
0.02431164589193808482033091211
-0.01580476161928731936834020708
0.03675829205146889255426820840
0.01669716439326262415455076127
-0.01495065216139118161340634561
-0.02223208645116089255292815077
0.03497549761115150338137596918
0.06582992756957511677008839986
-0.01798709628050700008600457084
-0.03031770726515056532677101727
-0.02376948651857192191459910462
0.004461553309893278235221692010
0.02897645627045292781767288197
-0.02673595067649116524143086394
-0.002667988802670798968863542658
0.04613172428329366833079762409
0.009515391175351056124979070052
-0.003503613600941862885206214027
-0.04740589777333252183783970153
0.05486706310952367340162633316
-0.03951176973017522210233006076
0.03468253086155118457617110326
-0.009145353402726666989516559157
0.01592613628293140853262497701
-0.04171065261142559911185082494
0.05794311652041635615696921472
-0.07725652636863393199470682049
-0.009121088300817335421765695379
-0.05058990433477992675050436085
-0.009306314205365478211199414169
-0.02330833488430024929463983298
-0.03097122595988082900004351920
-0.01796681624916832617120366585
0.06325100498782191300270704679
0.06252168578463777537531138203
-0.007604477039777748940612473815
0.05088340758935884358556593743
0.03748305521162885532093951027
-0.02500788744248434569280463347
-0.03665552558621064962486292748
0.03329687240126335629338085277
-0.006500193479152092288727095943
-0.001431659389697467268861953364
-0.03634309694590030256147265182
-0.03044602315519343392641817517
-0.004860595724471708789649078951
0.03119073423930091070468715045
0.005360347780027232690785063300
0.05528533637573079130660631699
0.01809137455484304381551097739
0.04012856358409239403768393164
0.04638870870150743107467197034
-0.01581124796880948821408792465
0.01263500542738874261900486557
0.01448433730048766932312900756
0.04559757205420628137786638452
0.009038355052273424086131570969
-0.01696826882730406552830070799
0.04132593773439058551721348552
0.09214713737597344041231896571
0.03112342300076238769962362066
0.0005987088603781363693664756781
0.01088979274460855431135494886
-0.06888221169646165517695036010
-0.03573310030944333977724274679
-0.01736741215320358465914235956
0.01567344160750644223580923162
-0.03144358101143773597677171451
0.05767358838462099496815118937
0.01780713632321083679724112740
-0.06654799968266270411159650347
0.04154427695223149204868430757
-0.005516668823679778023070768910
0.05335524956595588854807067639
0.03322579551550465669303391162
-0.03287471145059677099202644355
0.007584570884677773932804002566
0.04494870005020691368829481521
-0.01763532839092132308927646303
0.03284775015722513765009317796
0.05440694686502663300632250914
-0.005879594997893806646109709135
0.01748972712125823569989181000
-0.004726547311517833421513265471
0.04042642702492395818471880226
-0.01240154445723246467192654426
0.06581223801441306107850539415
0.02530262192706131111198874410
-0.04216762541018629008861289966
0.01648877829517298521832553099
0.02598417551785445346314359573
0.02923293350815948063805846427
0.07674901178523371488431742246
-0.02894329101896517424943333911
-0.06790193465150556056519243159
0.03831424409902742169157698434
-0.05784495159979157228546124206
-0.0003144448750437172749412973845
-0.04622635137748765755514312184
-0.02194939591023109273536708660
0.01617890725657734326029762690
0.05760650076513181089120420123
-0.06935768905484129242110276770
-0.05812491929944998931678442475
-0.05919397839663349343466347846
-0.01191536175797368959177448292
0.05023156263679110555722725512
0.04837836761805919488612740786
0.001408402054222669482299039674
-0.06700619027547233697005465093
0.04091230173883634274845793545
-0.01236769485597983372156917730
0.03116743419694934350914942042
0.01591781475711481437128307545
-0.002787392628905968260005974862
0E+17
-0.04490206714733132332250586742
-0.001969376181265820886727599012
0.01920564742651300734024749031
0.01732154451473803484594540194
-0.02795705651231001858363045217
-0.06186761727377399574637379017
-0.03005914981881513185795673336
-0.01401668877976579933291163584
0.002111647335944532926730727968
0.004928184440516670850526099575
0.01636722668923925319103032968
-0.002050084329008679010085200197
-0.03296577126084636468707263977
-0.02070155562908297677770168605
-0.02933132422923036930432247121
-0.02711517084168429868526433002
0.04635333258948977341966429966
-0.05518617134223244498798194788
-0.03355027559706136920056898884
-0.06284225476862146074106816197
0.03091270455594793338504388606
0.01807653023465011157185894377
-0.02520150897596750670008973200
-0.02940836754274546211436411157
-0.002181169252268934747315077270
0.02417499314424674687008555324
0.01290035762692135012836813568
0.03253631301065829909707646310
0.01025824908429826412075560400
0.04724867155376518036431046587
-0.03341399045346983774399602901
-0.04279075365147833116848175451
-0.02316833914188701973078317211
0.04772348438667329378021215428
0.02848760416496284072140120476
0.03952233336029508166167659763
0.03550077634134081689930400519
0.05559269881285130084777704728
0.07145944728485804256998315563
-0.04678965515380665615494781548
-0.02079507670669984222349322573
0.03059015659665711897918928211
-0.01231631545018434627043998854
0.005357797612504044425095118943
-0.05076903115399886736402416249
0.002180076786418712619035066035
0.06247842324400861290901962911
0.006463711148687981607542797774
-0.01768614320609828304167631522
0.02243089449673482652955568103
-0.04074626733586829095397035463
-0.03856897288757306893992924546
-0.009565814065772799150719120387
0.05511784033498804718580830325
0.05712440817514577502255180943
-0.01037003420593208102359204341
0.01652674632785301346244311520
0.05639001234734582829863404967
0.1068582798373676365958335217
0.04854267939285261364366527388
-0.01447643092575749068394987412
0.07160086579681304891315457354
0E+15
0E+17
0E+17
0.02565330813171615725546749840
-0.03827396994344272761049842751
0.01658533806994192285494142053
0.01928558112484822761581383823
0.07075323502090789809928979276
-0.008499517026649419726196451091
0.08881385290803161860263392493
0.08727592510434371218288547098
0.02075710051179810692799555733
-0.01783418876594502864737656230
0.01176254629868160546080886288
0.07409950537298976913999153350
0.07901218504528068107272312841
0.04737687633080055618876421867
-0.04374419108700268631783368278
-0.001919319171519704673293522697
0.01062315413442850022606880810
-0.04059848496677252925187990315
0.01154589227137693056210471210
-0.05476406115451663681296211200
-0.05211807578608308990921884886
-0.001482356281501564676820912701
0.01069891035814633138736923328
0.04638197518257763065057551344
0.01267619109314035525530221699
-0.01260261352382615764263954471
0.002066892000618740467523033743
-0.01944276584911249217939103099
-0.04488015533893722308212527331
-0.002463223612702093852093613161
0.007488069597514441364253126385
0.03127187671287688562660591344
-0.07157785929795297293893240293
0.01828172865645052021146849607
-0.01720545007787777349698187718
0.01527394395234520562738042455
0.06082040213952613446780960646
0.003692300216593849224588061056
0.09429472941361508710199067971
0.004294565292576221704275303342
-0.009677081860629410258633403467
0.005822668378787611662334588188
-0.06744450980923457944203883820
0.03802667339315952356141762698
-0.01047481393531642064747999267
0.03190197690294819321629109671
-0.04121535950762143243371210171
-0.04315661362192391597253706634
0.1272714818964266328793409319
0.03520618637030213755537779497
-0.04205343362678414354012587883
-0.01979123476625684736116093226
-0.04375558156978591122305787061
0.004607175797970874552302015999
-0.01295197285206010527303233244
0.02242659548537191042630459994
-0.03509135523011733201830212612
-0.01307683596160223482128523823
-0.01530237363838583072913257465
0.03939105104242706025175626374
-0.007305292830885038819402804330
-0.0001947102773211157539033535385
-0.002630661806224615474297409026
-0.03323202619397362656374860107
0.06138954019591611081390480718
0.02092063312011136006674004695
-0.02408259692944827342205921842
-0.04712194345382519050914514913
-0.03093844246859584935355810270
-0.03089016089906347733427228706
-0.02518779644372984456969693376
-0.01787747142987403825234842649
-0.04194369860174951301761506264
-0.03721610495477836818458314206
-0.01652616704726001001188359222
0E+17
0E+18
0E+19
-0.001482144894343267968467248763
0.01507801784085773258166038955
0E+19
0.003828248634210902817190405495
-0.004745460906689899198139265487
-0.08463170195772638305856869355
0E+16
-0.005495655779089632135131562954
0.004411976896385093368085417584
-0.009950790895402774910386555291
-0.002686468277691403593194709103
-0.0004422851601936167401134250650
0.07187591103428249964606002714
0.08829260157569540291095473016
-0.0004633941770212800926801345634
0.08039997860544151046064475050
0.01069835204428489700500975752
0.006713742407813123957224500378
0.01946057497148724124084534901
-0.02647201024610120394613407348
0.003440402521011642935258761119
-0.03692667524335931430603103913
-0.03567342000542874076249772515
-0.05717718622577623696785826327
-0.01155199416663418276556437557
-0.004191538627206448023914667415
-0.05923276922031084317097776255
-0.01538298824021980151324089035
0.03025358618370025645461598694
0.003719958837974779217180296669
0.0009151928980720241197384372262
0.03545492381597215759387512142
-0.004029036851037939917307418840
-0.09726004652251620975489464179
-0.03917706953521367827946087972
0.05256767199713754737422628625
-0.01795769933099565774256018339
0.02735007964803916748419637249
-0.005821300855977700753639315450
-0.01549704794864682452184036787
-0.03571544353118456864772826877
-0.03918876157994569333225858388
-0.06254509479040753832207459248
-0.05394102654257430542677215414
-0.03371094734613989530524128596
-0.03230986915300243077714522270
-0.05789289937200995455704756183
-0.02820800307641426634043143194
-0.04334431265429052123791044996
0.01275397724865172160597686606
0.02464975703225390630761116419
-0.05357763921827900440015247365
-0.04198288531320950216799665091
-0.05016789423145178895590501897
-0.01470276994215835718430228482
-0.03219847591170737290615223914
-0.02995915311101618730551463299
-0.01815318737921138164482863210
0.01255876006609067796657956352
-0.02367048006464965308705480164
-0.006910563058764579154019410993
0.03615926100474586509319673755
-0.03661706103831105549752509436
-0.0009807961753387752765937961289
-0.03981569188944943010692941052
-0.006628882103667056255058492395
-0.05091643441966735343094315834
-0.06192240942580327833882596389
0.04709511479932232081898686457
0.008141925014020478783789969193
-0.01952607533497153526022559325
-0.04984782590756428902022422242
-0.008465236267884941859905333538
-0.01667429599260152247891047412
-0.04485946414765027392595237602
-0.03564804222883167779043029414
0.02244286643784327487339943539
-0.02605507667682527730320606531
-0.02777615232620962469709306238
-0.02960119735418421693967771069
-0.006729225597768721755911932859
-0.0002743402696196639913558910857
0.01870081276870690472472760309
-0.02280807098100057869572126870
-0.01214364675505613470891939999
-0.05799908892477820564538167411
0.009902151830873690351487550582
-0.001530668544606917043642565413
-0.01379859974199661959511042493
-0.03355902778915233189008404351
0.002022697526062190117767938433
0.04087917960871717831448897209
-0.07746002827418529763465178753
0.06653738839358665929255300290
0.1014188863553981634103858146
-0.01205216373050556479863727236
0.03256856099584503698719186742
-0.009063735212602142319556081533
0.006985233221449670396213419958
-0.1070673563391043017472794567
0.04568894729705149899618931702
0.05270391123880867801489676622
-0.06031375768892354237855973543
-0.02874118452653759141059242401
0.0001415106164238369398557714201
0.06118665102261160769149862056
0.03245534221375164136671869422
0.01591529853329646216674162757
0.02028484651534843549611264468
0.05279728132757332169821596251
0.04899858810166454914098144482
0.02491829233015116795206123910
0.05638268953275399855745577778
-0.002694916220694818594600432412
0.07266080498766222958471242244
0.08038352782726097167814591479
-0.06203658564177573436242902361
0.04963593227320191061178593081
-0.06075119092934199396662539300
0.08353998943740214459223909824
-0.01494873873509421297179485016
0.09828589866320223215282700302
0.03671520063851450691705022785
-0.003701600252391945298421816643
0.06655161695090886859395110994
0.04285369844878163840787429903
0.03893496626517121937997437510
0.03777768484859909741018956592
0.02328567441757278488790482121
0.04450508567951922167399170258
0.03282725628570959702179685279
-0.05210054901092790276675682977
0.03164634969987246388277930338
-0.02431554968828209707252694636
-0.08807583290394457171631062359
-0.004692128789161962108753352755
0.06996461308517461668134766719
-0.01149881081255235588281642001
0.08474621284886847932060708700
-0.08428826860395358500435015529
-0.06405216240738216350035135793
0.02523771660119367848863638612
-0.003026314673569888920848276418
-0.007294581512655748926712709526
0.02154867680132985237673062990
0.01564549514179244055025675113
-0.01554953189271900727273982167
0.03366655231322043110864794834
-0.04663413185448379825261652411
0.03552793262425108298563107513
0.01599263169311702038647808732
-0.05009974028975841957404732772
-0.003017428085883044108499801252
-0.001775914607490716688291628083
-0.002817702702090465661658353115
-0.02102489110091343640450496343
0.03009525704568647588963990748
-0.01797182010553641353105642983
0E+18
0E+18
0E+17
0.01369639963433478386244558447
-0.0006777245066778841493236804869
-0.02134084904595181459471868212
-0.02107729078703183494694973897
-0.01652627534893534104009593980
-0.03308094946861645752457697118
-0.009975645245805116164314748020
0.02711332558860808324382320229
0.03388437623170731751810679864
0.0004083470302939536669931706769
0.02619647699773224706620028188
0.02426139739065863348941817386
0.001693412053394286101359332217
0.03268165508556451283420840858
-0.007392915286640155149835854327
-0.005150809042962534023362339543
-0.001330624955248422703011781824
0.04347183772660811178012220827
0.02312284950236655338776901650
0.04097844297500687791340733932
0E+15
-0.007904043773434917382409504812
-0.05838775546986709888971087171
0.05194487387312439634180405758
0.0009515673546392118697774930825
0E+17
0.02796623211591188012609781232
0.02647515822836172850231422581
0.005461754993240752876168527670
-0.02846527457728195815585205901
-0.009698613540969051237802469581
-0.02123681245339327319066222308
0.02277822810264660770514082942
-0.005926437459906723342010652117
-0.02499920136430393514283789941
-0.05772586280266055458344306343
0.01358667144032505519367455451
-0.01453495425384497781226439448
-0.01607515261534148653914833170
-0.02626825839421679388320518139
-0.01789140853156708139781816629
-0.02540164302931262845070374022
0E+18
-0.03047739319442336018003192687
0.009541018235338538080656339590
-0.009113597435284988961434414492
0.02696392485928520086448448470
-0.04538621071663660266833417591
-0.08162954164161185607540752636
0.007970629053935988785324541900
0.06000257918204152447191125987
0.02159227736205117557746362029
-0.05962266983029535435306791721
-0.04007576564289536952574616175
0.04357821361499969390027280296
-0.01893723706458831938493939717
-0.05433085242521649026262638639
0.05943405058292055974866896293
-0.01291870181316358108997240868
0.01890194051327106936359914658
-0.02892757000571101864448196987
0.05563192945259176385995817971
-0.01891374490089212915252685700
-0.03139984575787055341025434230
0.001157868247813529356822773490
0E+17
0E+16
0E+15
0.1022103910516296795550137946
-0.004856039506670668065549914092
-0.03022429696912200556215086722
0.08450739143522111766515870255
0.01584965573092660845784480622
-0.03956427365982805440046695952
-0.06130433368996775462946232350
0.04528807360183420600322226447
0E+18
0.009484575951945325390424119316
-0.01905188900364159263308648006
-0.02048308543036916611802403126
0.03570607076104916366817198967
0.06994400648439600895666972179
-0.1200835460799646067720165062
0.008994677719339771471238459985
0.07283864937466715811779263747
0.07274592774105809914912593771
0.04073079430165226506026648246
-0.002354352374745213748635593844
0.01058628168115863341372019694
-0.02456186055743658686820891326
-0.001555230099154046941838336054
0.03799634604515220454321337890
-0.02928536967007453487854955158
0.001611507822566030673403147951
0.03552282373392190550280155959
-0.03285596703822363643046217414
-0.01828045037764268582082884310
0.04010124388234638101038486071
-0.04110313432228105677192940821
0.003217142417330061316392839161
-0.003491113909285067851441212277
0.009849047526771837802663440151
-0.008925886128668481973739777003
0.002070929469022913472821846010
-0.07603708228701449843804418369
-0.002299419166414221486432989907
-0.009208220498669562910760472893
0.03897237293112285507342528431
-0.003404592924639969136560114971
-0.005192345914956231345074712690
0E+16
-0.008454244833498527445418541809
0.001742242548924816998642556662
0.01937640089585548119012154537
0.001685627639124416754004943223
-0.01801713657347619377336054610
0.06762290964408535065676997393
-0.07289134670618489361095403271
-0.1212479823434466675852599658
0.08271156614933693828609812480
0.1053384909002553693166887226
-0.03571618905619697476268187814
0.004910711852278926662396582511
0.01969006823343788352280884788
-0.03320459452762196889878798339
-0.03892972463207795933157353032
0.06716955711333223119653060396
-0.07441431844907193053446270986
0.04293620085493971653766819107
0.003375240145169233792029506274
-0.04183086491911425127169468803
-0.01891533587806915117326892430
-0.02478551146989046385163882379
-0.03922109467507947051017089377
0.08102447894244157212809268833
-0.02563425869737741277162126174
-0.07147382742129470557734099815
-0.02420169504422289311974422923
0.04986869101931581918065866529
-0.01260984111372221052714560205
0.01972172500019955982828852546
-0.01684056601817753905500691808
0.1399007538025147345940586882
0.0004575976477275986928002039377
-0.01339738404107617086891119801
0.02684249248475018813978687759
0.05844090372212694766377262757
0.04953098942820128022527749181
0.03167386469991661490855708660
-0.01438910791139806982618737749
0.04654921646054892229696081555
0.05461830105439392785366921045
-0.03039080764070871154419651707
0.02403010618969078234621040920
-0.004960602008690540340555243184
-0.01076217418738423534684077082
-0.09422723455751068694652990140
-0.005316739240823284783156324062
-0.001327576874584367534989452787
0.1007426993229373408607348660
-0.01147580229807566560782315863
-0.02609665008226969407103646911
0.1634252505381916511453337014
0.05032058643611502002597842759
-0.03970418041856918675854061100
-0.04277462631958845753596019603
-0.004339216775133568539486535840
-0.01706398219207928242642540206
0.02830541153552927086493459035
-0.03180727573120711310214475414
0.02348642130575667263376665950
0.05555258451450791199320387481
-0.004367306333569493727828477906
0.09967114568747742807131543501
0.02602926203757274710124402847
0.03287661262034369421838879068
0E+19
-0.03052022464840121238522315515
0.1034178471123497752385943616
0.04586881423392983174239215384
-0.06125284691547513723014514365
0.005993026715407081037928447216
0.06766706491221953569279190697
0E+19
-0.02756882342002518240625123019
-0.006311001723374376523203616398
-0.02951430579735785752508739318
0E+15
0.07451103750551305243317149991
0.08461239493591096172326154959
-0.06566834328513924473695575213
0.009334851110966099117456125533
-0.04330973457732102368419286568
0.05765672774737877000884094324
-0.01948942853554163966843822662
0.02852130249878617348531846658
-0.04270238429860237389235697249
-0.005314482812824372856468572952
-0.07383084206270710911556916976
0.02970141769608909567669814627
-0.05795945964902275708401189150
0.05537399122001264672358473582
0.04202709960492576223220127343
0.03576177626827333532009766308
-0.03442001379742788137796655436
0.08794458559899511116271041740
0.04028704502590235919836767546
0.09567607980329529183665059202
0.08978496926227325412657859843
0.007673562866672955297353510120
-0.05213193218045476556717457911
0.02331627730318427464713729299
-0.04099461455675941331246757910
0E+17
-0.007400201875100334651673157872
0.05004526580301036120196354485
0E+16
-0.02191563540127382319168843495
0.01815767624799526042160097524
0.04838571165548189493203821637
-0.006922115641547854722446938749
-0.03093902497335325354252370544
0.02928644991474527581401386550
0.05624836509618080954650364052
0.08635755654654321955142617714
-0.08756121158211877976955061513
0.1042194790499489299180118536
-0.01045399684207064368902001706
0.01777903784290069817323763681
0E+18
-0.04305601464645525872062434693
-0.03263170463356625384830388891
0.1019268030331634633784654814
0.02986461291920134869696343394
-0.02044629191575783806442586801
-0.001152261603962733568856151696
0.002766442828421406043952954618
0E+15
0E+18
-0.05684434976990963636965493761
0.01728285987765891318734321845
-0.009715756883964172924146363978
-0.06828153322655728413478489831
0.01729628934827060438119168237
0.03631382263043307065471952726
-0.005856724079873531712082631003
0.01402647307473418622147783915
-0.02611734317290094188758360807
0.01856393702853869996354662930
0E+17
0E+16
0E+18
-0.005414553982470985678259075268
0.02791006753107525250348664109
-0.05854049898092650867198309743
0.02987808456281326123787738516
0E+18
0E+19
-0.03690317581937481099730638265
-0.03686082992801717162369780193
0E+15
-0.01859636389469100478980163381
0.01704964501117361269816256557
-0.01185160293616625801808022297
-0.009363041321817550000477746561
0.03358365726829130304029307089
-0.001589282881098507499685165513
0E+16
0.06270798355609250559053336677
-0.02850283252536947243378647208
0.03565230291114334452610036725
-0.01228941656293764345479824368
-0.02413695816473933871766324539
-0.01177450994043964243415632733
0.01908191063123849341368377553
0.03243012063816047564090162645
-0.001729023063369083956151014543
-0.002510370296105166527181745780
-0.02927438705728473472295839974
-0.02653844341025155233278402802
0.004890105015300331318364988897
-0.07609855804456772101559164119
-0.07364651159911677589647221643
-0.06391292784498880421887845875
0.02016700386377502184710494420
0.04902954747213952441888380470
-0.03664367686739942382980189192
0.003245519065106033965860590595
-0.03319007384857554192480146363
0.09238417422137544852046477558
0E+16
-0.01032939209082315358027187791
0.007388113396639111929559332092
0.08905433705956575170291514309
0.07041579363279345261486189777
-0.01223906117258166732000842303
0E+18
-0.02842344717256756524816026253
0E+13
0.02749702723988632136721388160
0.009015031579310101574190331470
-0.01923262584395341702272615571
0E+14
0.05565942195359050036969471521
-0.02210273129596678659113489572
-0.03375757000621410006209929171
0E+17
0.006546931036924096103076302652
0E+16
0E+16
0E+17
0.06786993096511435536123058809
0E+18
0E+16
-0.001528468012246680198636909273
0.06034402256410911640782822099
0.05547212655282408904968620773
0E+16
0.01199544893588563600801249729
0E+16
0.03967207348917056882545029466
-0.01744087268704429703216131961
-0.01186497276716517170107688364
0.02465920345053637377418299071
0.002515301813770202118921994685
0.06148628720727125437947231203
0.04154849301050437328007543420
0.08142308858815726256314021842
0.001681659528741870695872833291
0.01876903844891178258367113091
0.005371309806865909485133369373
0.02818095957016746411838346413
0.0005952376530154209335486704803
0.01895383905203029438557659632
0.005062897814369932135808856556
-0.003897421107611300074257914280
-0.01401407376312293456749418412
0E+17
0.05052313087711264777369474378
0.1018854967382946709484598680
0.05143436215502669772387389591
-0.003593065346900078769437690117
0.1024502954671514658142811657
0.1217835203896136914765801521
-0.03837135567946177890183781113
-0.006920723491293422781666119728
0.02468823987541296536819928655
-0.03652595177578348338554023569
-0.02480232815859088007634866210
-0.07074197816770147279948056118
0.03131098644016024019313852717
0.01171404672586056245211603474
0.04963478510037233088727312902
0.03535661401450650956292209726
0.08048134113202189078350287754
-0.01320380639280410740314428269
0E+17
-0.01347556577225182516237473194
0.1003227135881347224914468843
-0.04375201996662239466477435936
0.0004118430711769946137349544019
0E+15
0.09491263684166160565250662655
0.004413522666530193332668925142
-0.01329049993767833262052402117
0.07009544695979373133963057169
-0.02240047836033136375102079858
-0.03614075461982569440332487216
0.005165329464962098576365234533
-0.02985417772340355415357606521
-0.03185683404902019619239923944
-0.01886077678257410261323533900
0E+16
0.05605304623226598768253532255
0.1089176814764360854332177455
-0.1030954384494294763104171441
-0.02137187923898385899583655490
-0.03020816151007066734173113438
0.06157157234088865297966033417
0.02866501841424666130225534508
-0.05097513398015951347519727772
0.01151693259604230999403887719
-0.04430586165658931968308783693
0.01774480326568034876634177477
0.06095251887411557700420231430
-0.01935481239801359082902409228
0E+17
0.0008971602954481334655342528468
-0.04824893457479394097893023119
-0.01063226170621373053927204439
0.01183808003002992619096987271
-0.1176232233566371510771016530
0.001625240834416965939558197596
0.009171359843067592711513599050
-0.007601062770821579152694541032
-0.01181457765938508586223307219
-0.04280026152988379782811927513
-0.06392376195006815967726884279
-0.06235428042961711446014355244
-0.04279012047400118004663906249
-0.04225232111167885638501335760
-0.007183354599989491121630409472
-0.01425357554472166960831751233
0E+14
0.005576260218401798534996556711
0.009000675365684351769464575504
0.003646305425428389132467720904
0.08125947665137389172441881812
0.06012096992956777590731602571
0.05941319159641486413903738599
0.03622495611697500101467481412
-0.03545177397692196957463899901
-0.05526418150414699230731676778
0.03674945434557856616236400510
-0.07512002271130742591601360797
0.03101132504145318356056499052
-0.001847524221660898387953855508
-0.05681172572086802567791609784
0.07975978284080683927922002612
-0.03719139690665881364892278562
-0.01023025196901217085526278631
0.05635479301444008659496213943
-0.04242330831319245177461094596
-0.001176169290399682932008189288
-0.05366408922138751682896107630
0E+17
0E+16
0.04149219552526894166688776068
0.1198801054756624080988408914
-0.04377120746142726918098808575
-0.05560890203911922380696092695
-0.001303116756804056249455274000
-0.009334405561610047737462841423
0.06881455586952533901506542851
0.007536634291019554507776980839
0.06906781672494107180227319990
-0.02882075059671665740150311495
-0.08498483325672677121655627191
0.03422566188765349769935550782
-0.01749993044624095884658453507
-0.02836617772449926296852781604
0.03917150316651987423653080188
-0.002489273940730522870679625708
-0.01138063438370132914854126033
0.01176079853612634141855960620
0.01641887993053439958677987519
0.06502261328817463242323025932
0.02443443674248147611572971353
-0.02713346330618720141212281049
-0.01807876915866315777757774678
-0.02436786681994202698088577995
-0.006952015362822060598188406277
0.003440676311815102108385138975
0.04198318504958474806799920782
0.04724230920279117660263442847
-0.02854601388014435491678020894
-0.01085087691875177401846653015
0.08915861148359495522529762068
-0.0006149990234803513798277582212
-0.1096447971517769087413650828
0.02588420808400054980748793863
0E+16
-0.02622963735170182432573515911
0E+15
0.01891205503175375049558196733
-0.03055021175664927945806521548
0.07653776227832257727618198533
0.002114765595344740132659468207
0.04098865840709780934902153784
0.002715324646620195161012752532
-0.02226258930089076117600625631
0.03567264045580968132110675418
-0.007575689519384371353471067863
-0.05253703787308543555927803231
-0.05216745198911631735438711699
-0.02904990207419570866923440017
-0.03157402374603929819741392428
-0.09368530172852085730856152969
0.01854346078933089203415641874
-0.003754943351286696895438854608
0.07809457214950841072012556897
0.006429919670541772875988928975
-0.007509877130819836848590296307
-0.01832386637723482826193929160
-0.01156638821107425121626400894
-0.02275901106048049838531040700
0.02693156853446214542108343237
0.03858147427036824838904934360
-0.02367459041756955123103286984
0.09776552510227516160616093422
-0.01360650774277130161406357822
0.05401960881378830772836045254
0.01033229488115292330457768961
-0.08318840596090566013874074867
0.02340946990530695292657509728
0E+17
0.06506997059170313970580412322
-0.03819558008149344049560037168
-0.04284327797609286506024026386
0E+16
-0.06884704446078523602826505277
-0.04010021670234591038167695188
-0.03345197098633106263905353775
0E+18
-0.05042861344368738650854507888
0E+15
0.1019874665417491895588619254
0.04248223834959599299571402175
0.03597029401326951101803250252
0.01614639064343889565795872110
0.04996142786093035493619783755
-0.02568262323185961373771711380
-0.006811245015657465701773520911
0.002189542390972619206284450406
0.01155803129226786157683594493
-0.01870267488206199926680659890
0.03553208877372121746657416220
0.006066784154003510323531726196
0.02506852712530143826152110566
-0.01999197376773227369163025777
0.02601061103673989436707575104
0E+17
0E+17
0E+16
0E+15
-0.04098045345425183305378822518
0E+15
-0.05538751639677720433300269324
0.03557333112971072964223132408
-0.005310291813332328736956438505
-0.003743334163092840695499279614
0.08086921545847613635231829454
-0.1182157081464536307008330765
-0.05523365113080659434007794342
0.01718588630538827782930557383
0.08723683276615736349182726799
-0.04509806240047123414700538449
-0.02360944190629868961460798548
-0.002671581134015117636693396976
0.01131760554496342483173620423
-0.001544842970250683085800375193
0.03783202862559780982000325643
0.008126285606421981672152504000
0E+13
0.04888892640375263338861929349
0E+18
-0.06583500412445773671356529100
-0.002026733654390367130264578525
-0.04341103350007900262331762336
0.07650188390661044943475852209
0.08041823534399009893464909880
0.05984556798918407441321113936
0.04869737906577413333431834156
-0.008624047422234631121065585751
0E+17
0E+18
-0.01778467749588808817478607491
0E+16
-0.01499951495819508822869586913
0.05615576506786922220647138745
0.03918681704746170120732657461
-0.02379457286283222373642918342
-0.01512469350378701305574951029
-0.04972914052617692431295379776
-0.04197364164613723429991215760
0.02724830445579803169596072264
-0.007341568976293431501876561144
0.03315946240972731874856035191
0.05154552736270235412855390673
-0.01919295857181710159133915595
0.01173034104700654079412991573
0.02898292695025448802484961179
0E+16
0E+17
0E+17
-0.01877328727154797450524214605
0.01366266177055339241049198843
0.01310389974260156063315526152
-0.01726193341115658345223339310
-0.003838658231602083735217544751
-0.2242701610198881762563999253
-0.05785730496260314392998137330
-0.03599139766973832508158522502
-0.005591154810262396315127625022
0.07007979698333533912210711155
0E+17
0.03805032673968487008200049468
-0.05155052259781919172619238797
0E+17
0.03947439449768300398474768368
0E+17
0.03721002882034942169950476875
0E+17
-0.02336137438920982164071636905
0.08619281092900325806675842534
0E+17
-0.1031555911640692048652624126
0.04674292881601092122566392065
0.08642649333622110729343404137
0E+17
0E+17
-0.03315044014779575095475809054
-0.06096341988595577607510475941
-0.02827107990708142825212453592
-0.03638790073633384951963030846
-0.06396623708603768439238714012
-0.006086368203284112283660504937
0.03797274579315059832032311825
0.06863239330678356551748428548
0.05414205542329353093529865509
0.02844733637466646886997647547
0.04528881835088129177612253317
-0.003810758292900440175859724577
0E+17
0.09647057087935896968110923491
-0.1551844863185804852929795240
-0.02199071859152607234984181764
0.04464711415843172834796945075
-0.01542855410585077394323959460
0.1188138074685997513926331885
-0.03731224749865542319195693777
-0.1004655615236103619346307252
-0.003005296226110361392848951247
-0.08400007292695330303634207275
-0.06326477197084321901458164827
-0.01845448655517924785496201078
-0.06101781775012466649298504097
0.005555699295250860611537434333
-0.05503789843995132185979497971
-0.09196612091032204201875951112
-0.0006551326259065583747596122753
-0.01281743162313140442476145211
0E+15
0E+17
0E+16
0E+18
0E+17
0E+17
0.05894810518778441450467841614
-0.01188637693682923692985525868
0.04737820300248974280649684884
-0.07293047748367696855940456574
0E+17
-0.02281192454858340454699412730
0.03769249654763473205247829912
-0.03374049107950029945492244382
0E+18
0.06716595525446483958791052565
-0.01644387155111830689018849020
0E+18
0E+16
0E+17
0.04596314873840857602147999686
0E+17
0E+16
0E+18
0E+16
-0.04221763190159130404661146065
0.05702826088424498569175484106
0E+17
0.04856145859971338791654948210
0.02469699063986260850413338239
0.03110883564455207028753948729
0.006595743001112533715255906323
-0.02781392326911564325631519677
0E+16
0.08372885295800748985397538051
-0.003978296270268352565799097701
0.02660776583112242443317713210
-0.08937709905191660848896514646
0.02243162433807729637655008592
-0.1252642622762475756969643612
0.07358022597487250562794314147
-0.004241846930210906819196815178
0.1886105970082377092696984392
0.1074756754328264846089123458
0.05767690851916033811818077328
0.009194630550046710574337377754
0.1051121254713027087114974935
0.05367777646899946282239018315
0.03778699751106441016560252790
0.02459384712431902185592307986
-0.09343528364352069713293534080
-0.08428403952451500873955472571
-0.02563956345934225859215545312
-0.03958438276463195018800188002
-0.003070247182428079825634958154
-0.04663277693864865560506584440
-0.003584011283628295728789056885
-0.002371809589125345912298187064
-0.03477120411416786548493377225
-0.001596474861169092434348321601
0E+17
-0.0007359318769442895512181291983
0E+13
-0.05062152261174490150994148550
-0.004021994271144714874073082006
-0.02498193765722464946164346730
0E+15
-0.01295882588527615011268000874
-0.04660477461099011840872901176
-0.03766606582626298391245849593
0.02440953866319439113343442303
0.04234268143348232601779505397
-0.004552784117294414477315781208
0E+18
0E+18
0E+19
0E+18
0E+18
0.01103628494910233298400694949
0.03022482682245360884301133705
-0.04271733109802797262993836663
0.04681551882625350170820073247
0.08666745795309156527848459412
-0.06634459456501347914109569299
0E+17
0E+16
0.02185069276856269389190210255
0E+18
0E+18
-0.04783214978558880345008861362
0.06668439262542758646468384311
0.1293564874568929147827220245
0E+18
0.1210445806079327764135119767
0.1112447673246686563431977912
0.03837664236227580966370136395
0E+18
0E+15
-0.04422044334487143886455010206
0E+17
-0.1009187945273512659810829691
0E+19
-0.04137504852460265633818140559
0.01091012763070951183798647977
-0.002805142434473565480891152182
0E+16
0E+18
0E+18
0E+18
0E+18
0E+18
0.05490661325453929527918217734
0E+17
0E+15
0E+17
0E+18
0E+18
-0.08552125330395641530741495748
0E+18
0E+18
0E+16
0E+19
0E+17
0.06668439262542758646468384311
0E+18
0E+18
0E+19
0E+18
-0.004167774539089224154042740812
0E+17
0E+18
0E+18
0.07601889182573903582881329569
0E+18
0E+17
-0.005423482812091060736032427178
-0.04845972062957692471535823480
0.06668439262542758646468384311
0E+18
0E+18
0E+18
0E+18
-0.06143815085399349164637136140
0.02523154774097673914026597938
0.04164378425475731701103488375
-0.05523395986741518260165452225
-0.03640959087653387998848549873
0E+16
0E+17
0E+17
-0.03374040507175141322505248457
0E+15
0.05590324702076288598058308362
0E+16
0E+18
0E+17
0E+17
0E+17
0E+18
0E+18
0E+18
0E+16
0E+16
0E+17
-0.002790326131350300843061877999
0E+17
0E+16
-0.01992250092293229740512947887
0.01128084191920560649388938829
0.02786995874049719441847395696
0E+16
-0.01534847108725882725469154500
-0.1396295061808565452895693314
-0.07253140295077844779881844206
0.07964223703503171897446217395
-0.1073064442766009972923283417
-0.002636895592573504082821809161
0.1378889107262988041951159320
-0.1031848790946800141850828668
0E+17
-0.07799542974909695430821835600
0E+17
-0.02513113781819016765712147452
-0.002911042513368544100737376886
0E+17
-0.04474967428773384424662833237
-0.007273970469002863685114167311
-0.03896722375355661521419613284
0.03528469112275582186743023519
0E+17
-0.1163279880858233197513204789
0E+15
0.08506049808181596486311124424
-0.001077061494767918739899022282
-0.02966569814897123388801100028
0.07238580129994413340526674017
0E+18
0E+15
0E+17
0E+19
0E+17
0E+16
0.01636504740356755811502778088
-0.07955337755386731950810512552
-0.02000249141889639639623510635
-0.01845039766619421717074494651
0.09698922925963076723343530303
0.09849024038006157401253270552
0.05777872360341833797205773923
0E+17
0.1022707874693376902722178373
0.03247988435502297098068154077
-0.04845972062957692471535823480
-0.007775118068741233000278592549
0E+18
0E+13
-0.002119797099068357616865109355
0E+14
-0.02158914732295243400402706322
0E+16
0E+17
0E+11
0E+17
-0.02891202185325838772813810132
0E+18
0E+16
-0.04303189905207925714046918227
0E+18
0E+17
0E+17
0E+17
0E+18
0E+16
-0.04784148980537558473411241109
0.1201581872411743170387333186
-0.08773943979006010219249065472
0.07016782334402614101713020867
0E+17
0.01784853754899386307909738559
0.07891194058734062423580884488
-0.02547680521961854292193344534
0E+15
-0.02167817240033603142059459624
-0.1858602134666315057934753206
-0.1030335524051335473839890799
-0.05398434340055628640477507717
-0.005070350902906343202915673278
0.03075650787424897702626001724
-0.002371809589125345912298187063
-0.005310291813332328736956438505
-0.04832815026561253693552818731
0E+16
0E+12
0E+18
0.05207605304095579953926500387
0E+16
-0.003056588034728359980910024633
0.04732220872045756585511839171
0E+18
0E+16
0E+18
0E+18
0E+16
-0.1368224723367987426020661250
-0.09558525263998191726521587875
0E+16
0E+12
0E+17
0E+17
-0.08552125330395641530741495748
-0.02742150786061082798714310205
-0.07648524506106756801513890878
-0.005310291813332328736956438505
0E+17
0E+18
-0.001212542600198582455722545125
-0.001321920714601790207579399277
-0.005310291813332328736956438507
-0.002166548274126051005735341704
-0.002881274898537945440911123313
0E+18
0.004870201954387845523638477499
0E+16
0E+17
0E+15
0.1404151750525402326807811310
0E+17
0E+18
0.04248233450665861837468692216
0.04251746647607893640007876775
0E+17
-0.001988207914232489265161865369
0E+16
0E+16
0E+17
-0.06958904614495787287804483185
-0.002549448256337097096754549198
0E+16
-0.002333066099252960747558274751
0E+18
0E+16
0E+18
0E+16
0E+17
0E+17
0E+17
-0.002946461926075191988908785249
0E+16
0E+16
0E+17
0E+18
0E+16
-0.03607291793176046793946877553
0E+18
0.07601889182573903582881329569
0E+18
0E+18
0E+15
0.08062734167483443585218936303
-0.1035614624511854918766660690
0.04307530722629059974698509768
0E+17
-0.01876990964763459238563098695
0E+17
0E+18
0E+13
0E+18
0E+16
0E+18
0E+18
0E+18
0E+18
0E+18
0E+18
0E+18
0E+18
0E+18
0E+18
0E+18
0E+18
0E+18
0E+18
0E+18
0E+18
0E+18
0E+17
0E+18
0E+18
0E+18
0E-29
0E+18
0E+18
0E+18
0E+18
0E+18
0E+17
0.02090727990332381189061279854
0E+17
0E+16
0E+16
0E+16
0E+17
0E+17
0E+17
-0.002186512665551967407686307809
-0.06839062289704010084880647083
0E+17
0E+17
0E+18
0E+17
0.08496466901331725979130300352
0.08496466901331725979130300349
-0.02941757153013433308861559981
-0.09558525263998191726521587875
0E+17
0E+16
-0.06097207824413843757252342980
-0.05106917581804413245041836085
-0.06758898032316054923811499407
0E+13
0E+16
0E+18
-0.01306268267625658703817083197
0.08496466901331725979130300349
0E+18
0E+18
0E+18
-0.04621199730426868254308246761
0.1752396298399668483195624467
0E+18
0.04905437452644617019077867036
0E+17
0E+16
0E+18
0E+18
0E+16
0E+14
0E+18
-0.05732842061488879799489716564
0E+18
0E+18
0E+17
0E+18
0E+16
0E+18
0E+18
0E+16
0E+18
0E+18
0E+17
-0.002004050996208915129381831743
0E+18
0E+16
0E+18
0E+18
0E+17
0E+18
0E+16
0E+16
-0.05587662014091823520219124787
0E-29
0E+18
-0.005310291813332328736956438505
0E+17
0E+18
0E+17
-0.09558525263998191726521587875
-0.09558525263998191726521587875
-0.005310291813332328736956438506
0E+16
0E+17
-0.1073064442766009972923283417
0E+17
0E+17
0E+18
0E+18
0E+17
0E+18
0E+18
0E+18
0E+18
0E+16
0E+18
0E+17
-0.1858602134666315057934753206
0E+18
0E+18
0E+17
0E+18
-0.005310291813332328736956438507
